DRIFT 250 25
QUAD 120 6 25
DRIFT 250 25
EDGE 0 1500 0 0.45 2.8 25
BEND 8 1500 0 25
EDGE 0 1500 0 0.45 2.8 25
DRIFT 250 25
QUAD 120 -6 25
DRIFT 250 25
EDGE 0 1500 0 0.45 2.8 25
BEND 8 1500 0 25
EDGE 0 1500 0 0.45 2.8 25
DRIFT 250 25
QUAD 120 6 25
DRIFT 250 25
EDGE 0 1500 0 0.45 2.8 25
BEND 8 1500 0 25
EDGE 0 1500 0 0.45 2.8 25
DRIFT 250 25
QUAD 120 -6 25
DRIFT 250 25
EDGE 0 1500 0 0.45 2.8 25
BEND 8 1500 0 25
EDGE 0 1500 0 0.45 2.8 25
DRIFT 250 25
QUAD 120 6 25
DRIFT 250 25
EDGE 0 1500 0 0.45 2.8 25
BEND 8 1500 0 25
EDGE 0 1500 0 0.45 2.8 25
DRIFT 250 25
QUAD 120 -6 25
DRIFT 250 25
EDGE 0 1500 0 0.45 2.8 25
BEND 8 1500 0 25
EDGE 0 1500 0 0.45 2.8 25
DRIFT 300 25
END
